1 1 1 1 1 1 1 1 1 1 1 1 1 1 1 1 1 1 1 1 1 1 1 1 1
1 D L L L 0 0 2 0 2 0 F 0 0 0 2 2 0 0 2 0 0 2 2 1
1 D 1 B 1 0 1 2 1 2 1 0 1 0 1 2 1 2 1 0 1 0 1 2 1
1 D 1 3 1 0 0 0 0 0 0 0 0 0 0 0 0 2 2 0 0 0 0 0 1
1 D 1 1 1 2 1 1 0 0 1 1 1 1 1 0 0 1 1 0 1 2 1 0 1
1 0 0 5 2 5 1 1 0 0 1 1 1 1 1 0 0 1 1 0 0 2 2 0 1
1 0 1 0 1 2 1 1 0 0 0 9 9 9 0 0 0 1 1 2 1 1 1 2 1
1 0 1 0 0 0 1 1 0 0 0 0 0 0 0 0 0 1 1 0 0 0 0 0 1
1 0 1 1 1 2 1 1 1 1 1 1 1 1 1 1 1 1 1 0 1 0 1 0 1
1 2 2 0 0 7 0 0 2 0 0 2 0 0 2 2 0 2 0 0 0 0 0 0 1
1 0 1 0 1 0 1 2 1 2 1 2 1 2 1 2 1 0 1 2 1 1 1 2 1
1 7 2 0 0 7 0 2 2 0 0 0 0 0 0 0 2 2 1 B 1 B 1 0 1
1 2 1 1 1 1 1 1 1 A 1 A 1 A 1 A 1 2 1 1 1 2 1 2 1
1 0 0 0 0 0 2 0 2 0 0 0 0 0 0 0 2 0 2 0 0 0 0 0 1
1 0 K 0 K 0 1 1 1 A 1 A 1 A 1 A 1 1 1 0 0 K 0 0 1
1 0 0 0 0 0 1 1 1 0 0 0 0 0 0 0 1 1 1 0 0 0 0 0 1
1 1 1 1 1 1 1 1 1 1 1 1 1 1 1 1 1 1 1 1 1 1 1 1 1