1 1 1 1 1 1 1 1 1 1 1 1 1 1 1 1 1 1 1 1 1 1 1 1 1
1 0 2 0 2 2 2 0 2 0 2 2 0 0 0 0 0 0 0 2 2 2 0 0 1
1 2 1 0 1 1 1 1 1 0 1 0 0 0 0 0 0 0 0 2 0 S 0 2 1
1 0 0 0 0 0 0 S 0 0 2 2 1 1 1 1 1 1 1 0 0 0 0 0 1
1 2 1 2 1 0 K 0 1 2 1 2 1 1 1 1 1 1 1 0 9 9 9 0 1
1 2 1 2 1 2 0 2 1 0 0 0 1 1 1 1 1 1 1 S 0 0 0 0 1
1 0 1 2 1 1 1 1 1 0 1 0 0 0 0 0 0 0 0 0 0 F 0 0 1
1 5 1 0 6 2 0 2 7 0 0 0 0 0 0 0 0 0 0 2 0 0 2 2 1
1 0 1 2 1 0 2 0 1 0 1 0 1 1 1 1 1 1 1 2 1 6 1 2 1
1 2 2 0 1 2 K 2 1 2 1 2 1 1 1 1 1 1 1 0 5 1 4 0 1
1 0 1 0 1 1 1 1 1 2 1 0 1 1 1 1 1 1 1 2 1 7 1 2 1
1 2 0 2 0 2 0 2 0 2 0 2 2 0 0 0 0 0 B 0 0 2 0 2 1
1 0 1 0 1 0 1 0 1 0 1 2 1 2 1 0 1 2 1 0 1 1 1 0 1
1 0 A 0 A 0 A 0 A 2 0 2 0 2 2 0 2 0 0 0 1 K 0 2 1
1 0 A 0 A 0 A 0 A 0 1 0 1 2 1 0 1 2 1 0 1 1 1 0 1
1 0 0 0 0 0 0 0 0 2 0 2 2 0 0 0 0 0 B 0 2 0 2 2 1
1 1 1 1 1 1 1 1 1 1 1 1 1 1 1 1 1 1 1 1 1 1 1 1 1