1 1 1 1 1 1 1 1 1 1 1 1 1 1 1 1 1 1 1 1 1 1 1 1 1
1 0 0 0 1 1 1 1 1 1 1 1 1 1 1 1 1 1 1 0 9 9 9 0 1
1 0 K 0 1 1 1 1 1 1 1 1 1 1 1 1 1 1 1 0 0 0 0 0 1
1 2 0 2 0 0 S 0 0 2 0 0 F 0 0 2 2 0 S 0 0 0 0 S 1
1 0 1 0 1 2 1 0 1 2 1 0 1 0 1 2 1 0 1 0 1 2 1 2 1
1 0 2 0 2 0 1 0 0 0 2 0 0 0 0 S 0 0 1 0 2 0 2 0 1
1 2 1 2 1 1 1 1 1 2 1 0 1 2 1 2 1 1 1 1 1 2 1 2 1
1 2 0 2 2 B 0 0 0 0 B 2 0 2 B 0 0 0 0 B 2 2 0 2 1
1 1 1 1 1 1 2 2 2 2 1 1 1 1 1 2 2 2 2 1 1 1 1 1 1
1 0 0 0 0 5 0 0 2 0 2 0 5 2 0 2 0 2 2 0 5 0 2 2 1
1 2 1 1 1 1 1 2 1 1 1 0 1 2 1 7 1 1 1 0 1 1 1 2 1
1 2 0 0 0 0 0 0 1 B 2 0 0 0 1 0 1 B 1 0 1 0 0 6 1
1 2 1 2 1 0 1 2 1 1 1 0 1 0 1 1 1 2 1 2 1 0 1 0 1
1 0 0 0 0 0 0 0 0 2 2 0 6 2 0 2 6 2 2 0 6 2 0 2 1
1 A 0 A 0 A 0 A 1 1 1 1 1 0 K 0 1 1 1 1 1 0 K 0 1
1 A 0 A 0 A 0 A 1 1 1 1 1 0 0 0 1 1 1 1 1 0 0 0 1
1 1 1 1 1 1 1 1 1 1 1 1 1 1 1 1 1 1 1 1 1 1 1 1 1